{
    "svgwidth": 250,
    "svgheight": 250,
    "unit": 110,
    "x0": 484,
    "y0": 446.5,
    "x0rel": -200,
    "y0rel": 27.5,
    "glyph": "0321,1341,1333,1341,",
    "table": [],
    "imgurl": "",
    "imgw": 2.335000000000001,
    "imgx": -1.3099999999999996,
    "imgy": -0.5839999999999999,
    "angle": 0.3141592653589793
}