{
    "svgwidth": 250,
    "svgheight": 250,
    "unit": 100,
    "x0": 684,
    "y0": 419,
    "x0rel": 0,
    "y0rel": 0,
    "glyph": "0321,",
    "table": [],
    "imgurl": "",
    "imgw": 2.335000000000001,
    "imgx": -1.3099999999999996,
    "imgy": -0.5839999999999999,
    "angle": 0.3141592653589793
}