{
    "svgwidth": 250,
    "svgheight": 355,
    "unit": 100,
    "x0": 687,
    "y0": 473,
    "x0rel": 3,
    "y0rel": 54,
    "glyph": "0331,0332,0335,0337,0305,0311,0322,0362,0203,0334,0350,0334,0337,0203,0334,0334,0334,0334,0203,0363,0324,0334,0334,0334,0334,0336,0362,0203,0335,0335,0335,0336,0203,0335,0335,0335,0337,0203,0363,0335,0335,0335,0335,0330,0334,0334,0334,0334,0334,0336,0335,0362,0203,0335,0335,0335,0335,0203,0335,0335,0335,0336,0203,0363,0331,0335,0335,0335,0362,0203,0335,0335,0335,0337,0203,0335,0335,0335,0335,0203,0363,0331,0321,0337,0337,0362,0203,0335,0335,0335,0336,0203,0335,0335,0335,0337,0203,0354,",
    "table": [],
    "imgurl": "",
    "imgx": -1.2312396694214882,
    "imgy": -0.43462809917355394,
    "imgw": 2.49,
    "angle": 0
}