{
    "svgwidth": 176,
    "svgheight": 217,
    "unit": 90.9090909090909,
    "x0": 676.7272727272727,
    "y0": 422.6363636363636,
    "x0rel": -7.272727272727252,
    "y0rel": 23.636363636363626,
    "glyph": "0321,0336,0336,0120,0116,0107,0332,0365,0330,0333,0320,0330,0330,0332,0336,0336,0332,0337,0333,0337,0337,0335,0350,0310,0362,0203,0335,0335,0335,0336,0203,0335,0335,0203,0363,0335,0337,0331,0331,0335,0335,0362,0203,0335,0335,0335,0336,0203,0335,0335,0203,0363,0335,0337,0304,0313,0337,0336,0332,0337,0321,0336,0362,0203,0203,0364,0333,0350,0334,0343,0335,0330,0335,0335,0201,0334,0334,0331,0335,0343,0335,0330,0335,0335,0362,0203,0203,0364,0335,0333,0334,0334,0343,0335,0330,0335,0335,0201,0335,0333,0334,0334,0343,0335,0335,0224,0335,",
    "table": [],
    "imgurl": "",
    "imgx": -1.2312396694214882,
    "imgy": -0.43462809917355394,
    "imgw": 2.49,
    "angle": 0
}