{
    "svgwidth": 250,
    "svgheight": 250,
    "unit": 100,
    "x0": 684,
    "y0": 419,
    "x0rel": 0,
    "y0rel": 0,
    "glyph": "0321,0306,0335,0201,0335,0335,0201,0335,0201,0335,0201,0335,0201,0335,0201,0335,0201,0335,0333,0335,0335,0342,0334,0334,0342,",
    "table": [],
    "imgurl": "",
    "imgx": -1.2312396694214882,
    "imgy": -0.43462809917355394,
    "imgw": 2.49,
    "angle": 0
}