{
    "svgwidth": 250,
    "svgheight": 250,
    "unit": 75.13148009015778,
    "x0": 584,
    "y0": 419,
    "x0rel": -100,
    "y0rel": 0,
    "glyph": "0336,0336,0336,0332,0337,0337,0337,0321,1341,1340,1333,0331,0332,0332,0332,0336,0336,0331,0337,0337,1340,1341,0336,0330,0333,0336,0336,0341,0337,0337,0333,0331,0337,",
    "table": [],
    "imgurl": "",
    "imgw": 2.335000000000001,
    "imgx": -1.3099999999999996,
    "imgy": -0.5839999999999999,
    "angle": 0.3141592653589793
}