{
    "svgwidth": 250,
    "svgheight": 250,
    "unit": 100,
    "x0": 450,
    "y0": 250,
    "x0rel": 0,
    "y0rel": 0,
    "glyph": "",
    "table": [],
    "imgurl": "",
    "imgx": -1.2312396694214882,
    "imgy": -0.43462809917355394,
    "imgw": 2.49,
    "angle": 0
}