{
    "svgwidth": 250,
    "svgheight": 250,
    "unit": 46.65073802097332,
    "x0": 784.6525883105352,
    "y0": 506.2552793835493,
    "x0rel": 100.65258831053518,
    "y0rel": 87.2552793835493,
    "glyph": "0330,0330,0332,0332,0321,0340,0341,0333,0340,0341,",
    "table": [],
    "imgurl": "",
    "imgw": 2.335000000000001,
    "imgx": -1.3099999999999996,
    "imgy": -0.5839999999999999,
    "angle": 0.3141592653589793
}