{
    "svgwidth": 250,
    "svgheight": 250,
    "unit": 100,
    "x0": 684,
    "y0": 419,
    "x0rel": 0,
    "y0rel": 0,
    "glyph": "0331,0332,0336,0330,0336,0333,0336,0332,0337,0337,0337,0337,0321,0306,0335,0362,0203,0335,0335,0350,0335,0336,0312,0337,0203,0335,0335,0335,0335,0203,0335,0335,0335,0335,0335,0336,0203,0203,0335,0335,0335,0335,0335,0335,0335,0337,0203,0334,0334,0334,0334,0203,0354,0300,",
    "table": [],
    "imgurl": "",
    "imgx": -1.2312396694214882,
    "imgy": -0.43462809917355394,
    "imgw": 2.49,
    "angle": 0
}