{
    "svgwidth": 250,
    "svgheight": 250,
    "unit": 90.9090909090909,
    "x0": 684,
    "y0": 419,
    "x0rel": 0,
    "y0rel": 0,
    "glyph": "0336,0336,0201,0306,0334,0201,0335,0335,0201,0201,0334,0334,0201,0201,0335,0335,0201,0334,0201,0304,0337,0330,0341,0350,0350,0335,0304,0211,0211,0211,0211,",
    "table": [],
    "imgurl": "",
    "imgw": 2.335000000000001,
    "imgx": -1.3099999999999996,
    "imgy": -0.5839999999999999,
    "angle": 0.3141592653589793
}