{
    "svgwidth": 736,
    "svgheight": 759,
    "unit": 154,
    "x0": 656,
    "y0": 403,
    "x0rel": -28,
    "y0rel": -16,
    "glyph": "0332,0332,0337,0221,0333,0336,0336,0333,0337,0337,0223,0331,0332,0336,0331,0333,0336,0330,0332,0337,0337,0210,0210,0336,0333,0337,0225,",
    "table": [],
    "imgurl": "",
    "imgx": -1.2312396694214882,
    "imgy": -0.43462809917355394,
    "imgw": 2.49,
    "angle": 0
}