{
    "svgwidth": 321,
    "svgheight": 302,
    "unit": 161.0510000000001,
    "x0": 582.3894899999999,
    "y0": 366.7898,
    "x0rel": -101.61051000000009,
    "y0rel": -32.210199999999986,
    "glyph": "0336,0331,0230,0333,0331,0230,0333,0331,0232,0334,0201,0201,0335,0335,0333,0201,0201,0334,0330,0332,0224,0360,",
    "table": [],
    "imgurl": "",
    "imgw": 500,
    "imgx": 0,
    "imgy": 0,
    "angle": 0
}