{
    "svgwidth": 634,
    "svgheight": 250,
    "unit": 148,
    "x0": 610,
    "y0": 535,
    "x0rel": -74,
    "y0rel": 116,
    "glyph": "0220,0332,0336,0332,0337,0221,0333,0333,0333,0222,",
    "table": [],
    "imgurl": "",
    "imgx": -1.2312396694214882,
    "imgy": -0.43462809917355394,
    "imgw": 2.49,
    "angle": 0
}