{
    "svgwidth": 410,
    "svgheight": 410,
    "unit": 90.90909090909092,
    "x0": 684,
    "y0": 464.45454545454544,
    "x0rel": 0,
    "y0rel": 45.45454545454544,
    "glyph": "0336,0336,0336,0331,0331,0331,0331,0331,0331,0331,0331,0331,0331,0331,0331,0337,0337,0337,0337,0240,",
    "table": [],
    "imgurl": "",
    "imgx": -1.2312396694214882,
    "imgy": -0.43462809917355394,
    "imgw": 2.49,
    "angle": 0
}