{
    "svgwidth": 321,
    "svgheight": 302,
    "unit": 82.64462809917354,
    "x0": 449.1735537190082,
    "y0": 233.47107438016528,
    "x0rel": -0.8264462809917745,
    "y0rel": -16.528925619834723,
    "glyph": "0221,",
    "table": [],
    "imgurl": "",
    "imgw": 500,
    "imgx": 0,
    "imgy": 0,
    "angle": 0
}