{
    "svgwidth": 321,
    "svgheight": 302,
    "unit": 82.64462809917354,
    "x0": 683.1735537190082,
    "y0": 402.4710743801653,
    "x0rel": -0.8264462809918314,
    "y0rel": -16.528925619834695,
    "glyph": "",
    "table": [],
    "imgurl": "",
    "imgw": 500,
    "imgx": 0,
    "imgy": 0,
    "angle": 0
}